82
2
         0.0122  8.48466739e+09
         0.0244  1.93461289e+10
         0.0366  4.34226627e+10
         0.0488  9.59394611e+10
         0.0610  2.08654811e+11
         0.0732  4.46685708e+11
         0.0854  9.41257916e+11
         0.0976  1.95225998e+12
         0.1098  3.98544994e+12
         0.1220  8.00782790e+12
         0.1341  1.58356289e+13
         0.1463  3.08193252e+13
         0.1585  5.90283275e+13
         0.1707  1.11257127e+14
         0.1829  2.06349621e+14
         0.1951  3.76586069e+14
         0.2073  6.76213006e+14
         0.2195  1.19462878e+15
         0.2317  2.07625913e+15
         0.2439  3.54973235e+15
         0.2561  5.96951284e+15
         0.2683  9.87353441e+15
         0.2805  1.60603777e+16
         0.2927  2.56888698e+16
         0.3049  4.04013034e+16
         0.3171  6.24684290e+16
         0.3293  9.49496999e+16
         0.3415  1.41855904e+17
         0.3537  2.08293645e+17
         0.3659  3.00563046e+17
         0.3780  4.26173109e+17
         0.3902  5.93735722e+17
         0.4024  8.12702164e+17
         0.4146  1.09291817e+18
         0.4268  1.44399773e+18
         0.4390  1.87455278e+18
         0.4512  2.39136481e+18
         0.4634  2.99863925e+18
         0.4756  3.69753455e+18
         0.4878  4.48618912e+18
         0.5000  5.36045712e+18
         0.5122  6.31548391e+18
         0.5244  7.34807710e+18
         0.5366  8.45954830e+18
         0.5488  9.65833234e+18
         0.5610  1.09613111e+19
         0.5732  1.23925316e+19
         0.5854  1.39781360e+19
         0.5976  1.57370463e+19
         0.6098  1.76683469e+19
         0.6220  1.97381480e+19
         0.6341  2.18703004e+19
         0.6463  2.39457194e+19
         0.6585  2.58134763e+19
         0.6707  2.73132461e+19
         0.6829  2.83043074e+19
         0.6951  2.86930229e+19
         0.7073  2.84503678e+19
         0.7195  2.76141619e+19
         0.7317  2.62759909e+19
         0.7439  2.45580181e+19
         0.7561  2.25877154e+19
         0.7683  2.04780008e+19
         0.7805  1.83170141e+19
         0.7927  1.61675907e+19
         0.8049  1.40732433e+19
         0.8171  1.20662191e+19
         0.8293  1.01739246e+19
         0.8415  8.42187987e+18
         0.8537  6.83331182e+18
         0.8659  5.42675717e+18
         0.8780  4.21336596e+18
         0.8902  3.19519204e+18
         0.9024  2.36503817e+18
         0.9146  1.70776462e+18
         0.9268  1.20257053e+18
         0.9390  8.25638945e+17
         0.9512  5.52619571e+17
         0.9634  3.60603001e+17
         0.9756  2.29433403e+17
         0.9878  1.42365971e+17
         1.0000  8.61804240e+16
